148
347
810
1431
1432
1469
1516
1534
1580
1632
1670
1708
1910
1911
2244
2245
2249
2341
2343
2344
2380
2635
2674
2699
2735
2737
2887
3120
3250
3934
3935
4055
4079
4442
4443
4444
4507
4557
4558
4598
4808
4883
5165
5655
5658
5851
5912
6525
6567
6568
6796
6828
6971
7013
7014
7162
7173
7340
7341
7342
7383
7490
7491
7503
7504
7929
8031
8044
8053
8086
8087
8088
8257
8258
8267
8269
8270
8272
8273
8274
8275
8279
8280
8283
8284
8288
8289
8291
8297
8298
8302
8304
8305
8307
8308
8309
8311
8312
8313
8314
8319
8320
8322
8324
8327
8328
8329
8330
8331
8332
8333
8334
8335
8336
8337
8338
8339
8340
8341
8342
8343
8344
8345
8347
8348
8349
8350
8351
8352
8353
8354
8355
8356
8357
8358
8360
8363
8365
8366
8367
8371
8372
8375
8377
8386
8387
8388
8391
8392
8444
8447
8455
8456
8458
8460
8552
8722
8870
9078
9343
9379
9421
9422
9431
9455
9539
9540
9542
9718
9726
9727
10013
10042
10043
10044
10045
10046
10047
10404
10456
10713
10714
10715
10801
10825
10989
11153
11155
11480
11510
11520
11760
11885
12755
12756
12757
12760
12881
12882
12962
12982
13090
13111
13112
13309
13410
13445
13460
13702
13719
13720
13721
13733
13734
13736
13751
13859
13905
13953
14021
14043
14044
14045
14080
14083
14135
14136
14137
14138
14139
14140
14141
14142
14155
14156
14344
14361
14369
14486
14819
14859
14994
14995
14996
15027
15099
15116
15255
15267
15278
15355
15357
15389
15390
15404
15424
15431
15433
15434
15816
15817
15906
15907
15942
15943
15944
15948
15949
15950
15951
15952
15953
15954
15955
15956
15957
100117
100118
100119
100393
100589
100624
100736
100778
100779
100781
100876
100929
100959
100960
101332
101347
101348
101349
101356
101357
101394
101415
101482
101488
101497
101501
101593
101594
101596
101597
101598
101599
101704
101705
101768
101795
101796
101798
101960
101986
102014
102016
102017
102018
102035
102037
102038
102042
102043
